ID_Met =

   97.2222
   98.6111
  100.0000
   97.2973
   98.5915
    2.7027
  100.0000