Precision =

   100


Accuracy =

   99.8016


Sensitivity =

   99.6047


Specificity =

   100


Fscore =

   99.8020


FallOut =

     0


NPV =

   99.6032


ID_Met =

  100.0000
   99.8016
   99.6047
  100.0000
   99.8020
         0
   99.6032